tip	date	distance	residual
seq_94_1993-07-25_NZB/93/02	1993.5616438356165	0.6046307790777009	0.021527479866220056
seq_95_1993-07-27_NZB/93/04	1993.5671232876712	0.6046307790777009	0.021517006088568658
seq_98_1993-07-23_NZB/93/03	1993.5561643835617	0.5984447790777013	0.015351953643871874
seq_96_1993-07-15_NZB/93/01	1993.5342465753424	0.5971267790777014	0.01407584875447887
seq_97_1994-08-29_NZB/94/02	1994.6575342465753	0.5997197790777012	0.014521724335885167
seq_103_1989-10-25_NZB/89/01	1989.813698630137	0.5738547790777014	-0.0020844562200331707
seq_4_1996-12-12_BE/12308/96	1996.9453551912568	0.5905357790777012	9.646359975220564E-4
seq_9_2000-11-21_BE/10557/00	2000.8879781420765	0.5961307790777012	-9.765475000861334E-4
seq_10_2000-12-29_BE/12024/00	2000.9918032786886	0.591813779077701	-0.005492005554770363
seq_8_2002-01-25_BE/975/02	2002.0657534246575	0.5947027790777012	-0.004655823049180108
seq_6_2000-11-21_BE/10760/00	2000.8879781420765	0.5947067790777011	-0.0024005475000862253
seq_7_2000-12-19_BE/11754/00	2000.964480874317	0.597589779077701	3.3622024909385484E-4
seq_5_1999-11-24_BE/12031/99	1999.8958904109588	0.6005947790777012	0.005383792900883422
seq_3_2002-11-28_BE/12160/02	2002.9068493150685	0.6080167790777012	0.007050452081287628
seq_117_1990-08-09_NZB/90/04	1990.6027397260275	0.5972407790777011	0.01979331979812471
seq_116_1990-09-06_NZB/90/05	1990.6794520547944	0.5833567790777011	0.005762686911002013
seq_14_2000-02-25_BE/2098/00	2000.1502732240438	0.591867779077701	-0.003829450795752032
seq_17_2000-01-17_BE/618/00	2000.0437158469945	0.5890277790777011	-0.0064657701606815055
seq_16_1996-12-12_BE/12252/96	1996.9453551912568	0.590437779077701	8.666359975219029E-4
seq_13_2000-01-07_BE/283/00	2000.016393442623	0.5988967790777012	0.0034554556431828365
seq_15_1996-12-03_BE/11900/96	1996.9207650273224	0.5918447790777012	0.0023206392209998983
seq_22_1996-12-10_BE/12186/96	1996.9398907103825	0.5828577790777011	-0.006702918841705263
seq_21_1996-12-05_BE/11972/96	1996.9262295081967	0.5857427790777011	-0.0037918059397729076
seq_45_1996-12-06_BE/12015/96	1996.9289617486338	0.5854867790777011	-0.004053028520159319
seq_89_2004-01-07_BE/302/04	2004.016393442623	0.6110117790777011	0.007924597957459256
seq_64_2002-12-02_BE/12349/02	2002.9178082191781	0.5949467790777011	-0.006040495474016194
seq_66_2003-01-23_BE/1066/03	2003.0602739726028	0.5932127790777012	-0.008046813692959565
seq_65_2003-01-12_BE/553/03	2003.0301369863014	0.5945367790777011	-0.006665207915875659
seq_57_2001-12-21_BE/12370/01	2001.9698630136986	0.5942207790777011	-0.0049545319402762855
seq_52_2005-02-02_BE/1515/05	2005.0876712328768	0.6036187790777011	-0.0015161114240797025
seq_61_2001-11-28_BE/11500/01	2001.9068493150685	0.5940937790777011	-0.004961083497282082
seq_62_2001-11-30_BE/11609/01	2001.9123287671232	0.5927647790777012	-0.006300557274933394
seq_60_2001-11-28_BE/11508/01	2001.9068493150685	0.5941017790777011	-0.004953083497282074
seq_59_2003-02-06_BE/1802/03	2003.0986301369862	0.5954147790777012	-0.005918130136521094
seq_63_2002-02-01_BE/1162/02	2002.0849315068492	0.5940937790777011	-0.005301481270960973
seq_58_2001-12-29_BE/12595/01	2001.9917808219177	0.5954397790777012	-0.003777427050882687
seq_56_2002-12-18_BE/13159/02	2002.9616438356165	0.598121779077701	-0.0029492856952296753
seq_55_2004-12-27_BE/13588/04	2004.9863387978141	0.6009487790777012	-0.0039924180797205056
seq_78_2005-01-30_BE/1266/05	2005.0794520547945	0.6077517790777011	0.0026325992423977818
seq_49_2003-12-09_BE/13804/03	2003.9369863013699	0.599395779077701	-0.003539618117227916
seq_50_2004-12-30_BE/13689/04	2004.9945355191257	0.5979807790777011	-0.006976085820880162
seq_51_2005-03-29_BE/3891/05	2005.2383561643835	0.5992977790777011	-0.006125140309500732
seq_67_1999-12-06_BE/12445/99	1999.9287671232876	0.5922767790777012	-0.0029970497650267935
seq_54_2002-12-02_BE/12358/02	2002.9178082191781	0.5963227790777011	-0.00466449547401615
seq_53_2001-12-31_BE/12670/01	2001.9972602739726	0.5989607790777011	-2.6690082853464414E-4
seq_93_2004-07-27_NZB/04/02	2004.568306010929	0.6095417790777012	0.005399636719401912
seq_88_2003-12-26_BE/14610/03	2003.9835616438356	0.5968517790777012	-0.006172645227266904
seq_83_2005-01-18_BE/765/05	2005.0465753424658	0.5995537790777011	-0.005502558091691978
seq_84_2005-02-08_BE/1787/05	2005.1041095890412	0.5995397790777012	-0.00562653275703473
seq_86_2003-12-02_BE/13457/03	2003.9178082191781	0.5981957790777012	-0.004702959895447001
seq_87_2003-11-24_BE/12963/03	2003.8958904109588	0.5955377790777011	-0.007319064784840124
seq_79_2005-11-18_BE/9382/05	2005.8794520547945	0.6130217790777012	0.006373427705253287
seq_85_2004-12-19_BE/13183/04	2004.964480874317	0.599530779077701	-0.005368637436629187
seq_81_2005-11-19_BE/9388/05	2005.8821917808218	0.6062507790777011	-4.028091835724945E-4
seq_82_2004-12-06_BE/12546/04	2004.9289617486338	0.600874779077701	-0.0039567438916058295
seq_80_2005-01-02_BE/19/05	2005.0027397260274	0.6064437790777012	0.0014712321295214936
seq_68_1999-12-30_BE/13417/99	1999.9945205479453	0.5876107790777011	-0.007788735096847188
seq_69_2001-11-28_BE/11535/01	2001.9068493150685	0.601017779077701	0.0019629165027178486
seq_70_2001-12-24_BE/12446/01	2001.978082191781	0.6023167790777012	0.0031257573932462757
seq_118_2004-07-22_NZB/04/01	2004.5546448087432	0.6001847790777012	-0.003931250378665818
seq_41_2001-12-20_BE/12353/01	2001.9671232876713	0.5954837790777011	-0.003686295051450572
seq_42_2003-01-03_BE/91/03	2003.0054794520547	0.5998767790777012	-0.001278075916442467
seq_43_2003-01-27_BE/1134/03	2003.0712328767124	0.5984487790777012	-0.0028317612482632315
seq_39_1996-12-18_BE/12543/96	1996.9617486338798	0.5911297790777011	0.0015273005152037777
seq_27_2000-11-24_BE/10701/00	2000.896174863388	0.5955097790777012	-0.0016132152412456913
seq_36_1997-12-30_BE/15760/97	1997.9945205479453	0.5907817790777011	-7.94806253985425E-4
seq_114_1995-07-17_NZB/95/02	1995.5397260273974	0.5892557790777012	0.002371446133965116
seq_26_2002-12-20_BE/13491/02	2002.9671232876713	0.6001497790777012	-9.317594728809331E-4
seq_40_2002-12-25_BE/13418/02	2002.9808219178083	0.599886779077701	-0.001220943917010442
seq_90_2002-12-27_BE/13415/02	2002.986301369863	0.623360779077701	0.022242582305338154
seq_91_2003-01-12_BE/552/03	2003.0301369863014	0.6076677790777011	0.006465792084124344
seq_92_2002-12-29_BE/13436/02	2002.9917808219177	0.6091007790777011	0.007972108527686372
seq_44_1998-12-26_BE/12357/98	1998.9835616438356	0.5969607790777011	0.0034936768798868867
seq_46_2001-01-19_BE/705/01	2001.0493150684931	0.602337779077701	0.004922062705205232
seq_47_2002-12-01_BE/12237/02	2002.9150684931508	0.610321779077701	0.009339741414809422
seq_48_2003-01-19_BE/922/03	2003.0493150684931	0.6131607790777011	0.011922133862343531
seq_29_1999-12-17_BE/12894/99	1999.958904109589	0.594059779077701	-0.0012716555421109499
seq_31_2001-02-20_BE/1950/01	2001.13698630137	0.5926217790777012	-0.004961517737221421
seq_32_1997-12-04_BE/14517/97	1997.9232876712329	0.5926187790777012	0.0011783528554863976
seq_30_1998-12-29_BE/15116/98	1998.9917808219177	0.598453779077701	0.004970966213409755
seq_33_1998-10-29_BE/12321/98	1998.8246575342466	0.5969797790777011	0.00381641643178543
seq_35_2000-01-10_BE/382/00	2000.0245901639344	0.5969767790777011	0.0015197879020235616
seq_34_1998-12-16_BE/14548/98	1998.9561643835616	0.595535779077701	0.0021210457681456463
seq_115_1995-11-09_NZB/95/01	1995.854794520548	0.5868117790777011	-6.747960810064013E-4
seq_38_1997-11-18_BE/13833/97	1997.8794520547945	0.588248779077701	-0.0031078569233004005
seq_37_1997-11-14_BE/13653/97	1997.868493150685	0.5911407790777011	-1.9490936799704262E-4
seq_28_1997-12-10_BE/14819/97	1997.9397260273972	0.5969767790777011	0.005504931522531176
seq_18_1997-12-04_BE/14516/97	1997.9232876712329	0.5914627790777011	2.2352855486240664E-5
seq_19_1998-02-28_BE/2803/98	1998.158904109589	0.591446779077701	-4.44019583535904E-4
seq_71_1999-12-09_BE/12562/99	1999.9369863013699	0.5942477790777011	-0.0010417604315043905
seq_75_2000-01-10_BE/381/00	2000.0245901639344	0.5942067790777011	-0.0012502120979763776
seq_76_2001-01-05_BE/196/01	2001.0109589041097	0.5956257790777012	-0.0017166208512330305
seq_74_2000-01-10_BE/352/00	2000.0245901639344	0.595627779077701	1.70787902023517E-4
seq_77_1999-12-28_BE/13350/99	1999.9890410958903	0.5956337790777012	2.44738680804768E-4
seq_73_2001-11-30_BE/11583/01	2001.9123287671232	0.5956327790777011	-0.003432557274933523
seq_72_2001-12-07_BE/11842/01	2001.9315068493152	0.597033779077701	-0.002068215496714765
seq_24_1996-11-28_BE/11718/96	1996.9071038251366	0.585392779077701	-0.004105247877067897
seq_25_1997-11-17_BE/13768/97	1997.876712328767	0.5898647790777011	-0.0014866200344741953
seq_23_2001-12-09_BE/11875/01	2001.9369863013699	0.5912857790777012	-0.007826689274366028
seq_20_1999-11-25_BE/12059/99	1999.8986301369864	0.5872557790777012	-0.007960443987942711
seq_12_2002-12-02_BE/12350/02	2002.9178082191781	0.6012817790777011	2.945045259837853E-4
seq_11_2002-04-15_BE/3837/02	2002.2849315068493	0.604159779077701	0.004382225844752674
seq_109_1992-06-17_NZB/92/04	1992.4590163934427	0.577376779077701	-0.0036188870079715274
seq_108_1992-05-27_NZB/92/02	1992.4016393442623	0.577376779077701	-0.003509212819856722
seq_110_1992-08-19_NZB/92/03	1992.6311475409836	0.577376779077701	-0.003947909572315944
seq_112_1994-09-29_NZB/94/01	1994.7424657534248	0.577376779077701	-0.007983619217716176
seq_111_1992-08-31_NZB/92/06	1992.6639344262296	0.577376779077701	-0.0040105805369533565
seq_113_1992-08-13_NZB/92/01	1992.6147540983607	0.5787317790777012	-0.002561574089997465
seq_104_1989-09-11_NZB/89/03	1989.6931506849314	0.573913779077701	-0.0017950331116965978
seq_105_1989-11-02_NZB/89/04	1989.835616438356	0.573913779077701	-0.002067351330640066
seq_106_1989-11-03_NZB/89/02	1989.8383561643836	0.573913779077701	-0.0020725882194662093
seq_99_1993-07-21_NZB/93/05	1993.5506849315068	0.5792657790777013	-0.0038165725784763405
seq_107_1991-05-08_NZB/91/01	1991.3479452054794	0.5617307790777012	-0.01714111396250273
seq_190_1998-01-14_BE/617/98	1998.035616438356	0.537885220922299	-0.053769917741774864
seq_226_1988-08-08_NZA/88/03	1988.6010928961748	0.5516142209222988	-0.02200716165774408
seq_227_1988-08-26_NZA/88/12	1988.6502732240438	0.5501092209222987	-0.023606168104700287
seq_229_1992-08-02_NZA/92/03	1992.5846994535518	0.5666402209222986	-0.014595683861149067
seq_233_1993-07-29_NZA/93/11	1993.572602739726	0.5711592209222983	-0.011965025844486221
seq_235_1993-07-19_NZA/93/09	1993.545205479452	0.5711672209222983	-0.011904656956227444
seq_234_1993-06-02_NZA/93/15	1993.4164383561645	0.5726872209222983	-0.010138523181413395
seq_236_1993-07-21_NZA/93/07	1993.5506849315068	0.5711672209222983	-0.011915130733879287
seq_171_2004-12-14_BE/12971/04	2004.950819672131	0.5865302209222983	-0.018343082690099988
seq_177_1998-12-14_BE/14461/98	1998.9506849315069	0.5892712209222982	-0.004133038609605788
seq_176_2005-11-28_BE/9600/05	2005.9068493150685	0.5994422209222982	-0.007258499338408053
seq_187_1998-12-22_BE/14808/98	1998.972602739726	0.5811292209222984	-0.012316933720212142
seq_188_1998-12-24_BE/14898/98	1998.978082191781	0.5827362209222983	-0.01072040749786407
seq_189_2001-01-01_BE/11/01	2001.0	0.6025092209222983	0.005187768548667759
seq_186_1999-12-30_BE/13393/99	1999.9945205479453	0.5907292209222984	-0.00467029325224988
seq_179_2000-12-29_BE/12028/00	2000.9918032786886	0.5957202209222984	-0.0015855637101730435
seq_178_2000-12-29_BE/11996/00	2000.9918032786886	0.5957202209222984	-0.0015855637101730435
seq_180_2002-01-01_BE/4/02	2002.0	0.5955402209222983	-0.0036926958727631076
seq_181_1999-12-30_BE/13425/99	1999.9945205479453	0.5907492209222983	-0.004650293252249971
seq_182_2001-01-14_BE/519/01	2001.035616438356	0.5923252209222983	-0.0050643110060680785
seq_183_2000-12-04_BE/11091/00	2000.9234972677596	0.5972252209222985	5.000079948780378E-5
seq_185_2000-12-04_BE/11129/00	2000.9234972677596	0.5939382209222984	-0.003236999200512236
seq_184_2000-12-02_BE/11030/00	2000.9180327868853	0.5955262209222986	-0.0016385540397393372
seq_172_1997-12-30_BE/15739/97	1997.9945205479453	0.5843862209222986	-0.007190364409387917
seq_175_2003-01-07_BE/245/03	2003.0164383561644	0.5729662209222984	-0.028209581627148927
seq_174_1997-11-25_BE/14140/97	1997.8986301369864	0.5746062209222985	-0.016787073300484123
seq_173_2005-01-03_BE/81/05	2005.0054794520547	0.5811562209222986	-0.02382156291470683
seq_232_1989-08-03_NZA/89/01	1989.5863013698631	0.5710442209222985	-0.004460352602892015
seq_231_1989-08-07_NZA/89/02	1989.5972602739726	0.5680082209222984	-0.007517300158194851
seq_230_1989-08-02_NZA/89/05	1989.5835616438355	0.5680082209222984	-0.00749111571406591
seq_241_1991-07-30_NZA/91/09	1991.5753424657535	0.5621952209222986	-0.017111333890449942
seq_239_1991-07-24_NZA/91/03	1991.558904109589	0.5621952209222986	-0.01707991255749486
seq_242_1991-07-29_NZA/91/11	1991.572602739726	0.5652602209222987	-0.014041097001624148
seq_240_1991-07-29_NZA/91/05	1991.572602739726	0.5621952209222986	-0.017106097001624243
seq_248_1988-09-05_NZA/88/08	1988.6775956284152	0.5671672209222988	-0.0066003939085640395
seq_247_1988-08-31_NZA/88/07	1988.6639344262296	0.5671672209222988	-0.006574281006632154
seq_250_1990-07-09_NZA/90/05	1990.517808219178	0.5657672209222987	-0.011517894803676154
seq_249_1990-06-28_NZA/90/02	1990.4876712328767	0.5642502209222987	-0.01297728902659212
seq_245_1994-07-25_NZA/94/04	1994.5616438356165	0.5751272209222987	-0.009887542710612984
seq_246_1994-09-02_NZA/94/07	1994.668493150685	0.5736032209222987	-0.011615781374820666
seq_228_1996-07-04_NZA/96/03	1996.5054644808743	0.5917552209222986	0.003024913284333741
seq_169_1999-12-31_BE/13462/99	1999.9972602739726	0.5881042209222985	-0.007300530141075456
seq_170_2001-11-30_BE/11584/01	2001.9123287671232	0.5914952209222987	-0.007570115430335922
seq_167_1999-12-30_BE/13412/99	1999.9945205479453	0.5881702209222986	-0.007229293252249636
seq_165_2003-02-14_BE/2057/03	2003.1205479452055	0.5948642209222986	-0.006510583402530634
seq_166_2005-10-24_BE/8885/05	2005.8109589041096	0.5948622209222986	-0.011655208229503278
seq_168_1996-12-11_BE/12243/96	1996.9426229508197	0.5815882209222986	-0.007977699577494168
seq_244_1994-08-01_NZA/94/13	1994.5808219178082	0.5839342209222985	-0.0011172009323939802
seq_243_1994-06-08_NZA/94/05	1994.4328767123288	0.5808762209222985	-0.0038924089357991187
seq_237_1989-08-08_NZA/89/04	1989.6	0.5659302209222986	-0.009600537047020796
seq_238_1991-07-30_NZA/91/07	1991.5753424657535	0.5672852209222986	-0.012021333890449903
seq_251_1989-07-11_NZA/89/03	1989.5232876712328	0.592331220922299	0.01694709584010312
seq_192_1989-09-25_NZA/89/07	1989.731506849315	0.589748220922299	0.013966092289339316
seq_193_1991-08-15_NZA/91/02	1991.6191780821919	0.5814992209222988	0.0021088758883368586
seq_119_1997-10-23_BE/12808/97	1997.8082191780823	0.5955802209222988	0.004359744030769108
seq_197_1988-08-09_NZA/88/02	1988.603825136612	0.5856192209222989	0.011992615761869607
seq_199_1988-08-04_NZA/88/01	1988.5901639344263	0.5825892209222988	0.008988728663801404
seq_200_1988-08-08_NZA/88/13	1988.6010928961748	0.5825972209222988	0.008975838342255904
seq_198_1988-07-28_NZA/88/06	1988.5710382513662	0.5841062209222988	0.010542286726506034
seq_194_1989-08-29_NZA/89/06	1989.6575342465753	0.5913392209222986	0.01569848828763687
seq_196_1994-10-07_NZA/94/09	1994.7643835616439	0.5948862209222986	0.009483927516274915
seq_195_1994-07-20_NZA/94/06	1994.5479452054794	0.5948862209222986	0.00989764173351626
seq_218_1991-07-29_NZA/91/01	1991.572602739726	0.5888942209222986	0.009592902998375785
seq_219_1991-07-29_NZA/91/06	1991.572602739726	0.5858542209222987	0.0065529029983758535
seq_121_1997-12-23_BE/15471/97	1997.9753424657533	0.6021412209222986	0.010601293812393275
seq_206_1996-08-12_NZA/96/02	1996.6120218579235	0.5910542209222985	0.0021202326492631984
seq_207_1996-08-12_NZA/96/04	1996.6120218579235	0.5910542209222985	0.0021202326492631984
seq_122_1996-12-11_BE/12216/96	1996.9426229508197	0.5965502209222987	0.0069843004225059735
seq_123_2002-12-11_BE/12752/02	2002.9424657534246	0.5964902209222985	-0.00454418562885095
seq_208_1992-09-21_NZA/92/02	1992.72131147541	0.5886662209222987	0.007169187119529519
seq_205_1993-08-25_NZA/93/12	1993.6465753424657	0.5918152209222988	0.008549578157217241
seq_203_1993-07-23_NZA/93/13	1993.5561643835617	0.5933222209222987	0.01022939548846924
seq_202_1993-07-19_NZA/93/10	1993.545205479452	0.5933222209222987	0.010250343043772925
seq_201_1993-07-28_NZA/93/03	1993.5698630136985	0.5963812209222988	0.013262211044340444
seq_204_1993-08-26_NZA/93/14	1993.6493150684933	0.5933322209222988	0.010061341268390644
seq_210_1993-06-17_NZA/93/05	1993.4575342465753	0.5874152209222986	0.004510923486199636
seq_211_1993-07-27_NZA/93/06	1993.5671232876712	0.5874212209222985	0.004307447933166286
seq_212_1993-07-28_NZA/93/02	1993.5698630136985	0.5874282209222986	0.004309211044340233
seq_213_1993-08-26_NZA/93/01	1993.6493150684933	0.5889342209222986	0.00566334126839052
seq_214_1990-08-23_NZA/90/04	1990.641095890411	0.5844082209222986	0.0068874451991610686
seq_220_1994-07-18_NZA/94/12	1994.5424657534247	0.5920442209222986	0.007066115511167648
seq_215_1992-08-05_NZA/92/01	1992.5928961748634	0.5890342209222986	0.007782648397691383
seq_216_1992-09-04_NZA/92/05	1992.6748633879781	0.5875472209222986	0.006138970986098724
seq_217_1992-11-16_NZA/92/04	1992.8743169398906	0.5875472209222986	0.005757722617890093
seq_152_2001-02-18_BE/1835/01	2001.131506849315	0.5992982209222987	0.0017253978850279017
seq_149_2001-02-14_BE/1717/01	2001.1205479452055	0.6008152209222987	0.0032633454403311335
seq_148_2001-02-18_BE/1836/01	2001.131506849315	0.6023062209222986	0.004733397885027801
seq_147_2001-02-18_BE/1866/01	2001.131506849315	0.6023062209222986	0.004733397885027801
seq_150_2001-02-06_BE/1343/01	2001.0986301369862	0.6008222209222988	0.0033122405509381503
seq_151_2001-02-02_BE/1224/01	2001.0876712328768	0.5993112209222987	0.0018221881062409073
seq_153_2000-02-21_BE/1937/00	2000.139344262295	0.6008362209222987	0.0051598813703915836
seq_154_2000-02-27_BE/2149/00	2000.155737704918	0.6008412209222987	0.00513354588807291
seq_139_2000-01-21_BE/822/00	2000.0546448087432	0.6063832209222987	0.010868781362370128
seq_138_2002-01-07_BE/298/02	2002.0164383561644	0.6080062209222986	0.008741882794282119
seq_136_2005-11-26_BE/9567/05	2005.9013698630138	0.6110222209222987	0.004331974439243935
seq_135_2005-11-24_BE/9522/05	2005.8958904109588	0.6110272209222986	0.004347448216895589
seq_137_2005-12-02_BE/9728/05	2005.9178082191781	0.6110312209222987	0.004309553106288777
seq_143_2001-01-02_BE/64/01	2001.0027397260274	0.6033542209222985	0.006027531659842267
seq_144_2001-01-25_BE/936/01	2001.0657534246575	0.6033602209222987	0.005913083216847803
seq_145_2001-02-07_BE/1441/01	2001.1013698630136	0.6033602209222987	0.00584500366211238
seq_142_2000-12-28_BE/11976/00	2000.9890710382513	0.6063892209222986	0.00908865887021404
seq_140_1999-12-28_BE/13281/99	1999.9890410958903	0.5995612209222988	0.004172180525402358
seq_141_2000-02-21_BE/1936/00	2000.139344262295	0.6010702209222988	0.005393881370391651
seq_224_2003-08-21_NZA/03/02	2003.6356164383562	0.6144932209222987	0.012133881498211818
seq_225_2003-09-02_NZA/03/03	2003.668493150685	0.6144932209222987	0.012071038832302095
seq_159_2000-01-25_BE/944/00	2000.0655737704917	0.5904082209222988	-0.0051271089591747865
seq_164_2001-01-03_BE/112/01	2001.0054794520547	0.601140220922299	0.0038082947710166293
seq_160_2000-01-21_BE/797/00	2000.0546448087432	0.5948822209222989	-6.322186376296335E-4
seq_161_2000-01-31_BE/1150/00	2000.0819672131147	0.5934012209222989	-0.0021654444414934693
seq_146_1998-02-18_BE/2363/98	1998.131506849315	0.5992462209222987	0.007407791149320553
seq_155_1998-12-16_BE/14536/98	1998.9561643835616	0.5987272209222986	0.005312487612743166
seq_163_2000-01-21_BE/800/00	2000.0546448087432	0.6013682209222985	0.005853781362369914
seq_132_2003-03-10_BE/3125/03	2003.186301369863	0.6039642209222985	0.0024637312656493604
seq_131_2002-11-21_BE/11884/02	2002.8876712328768	0.6032462209222985	0.0023165521476656847
seq_133_2005-11-10_BE/9222/05	2005.8575342465754	0.6032462209222985	-0.003360235339542883
seq_130_2003-12-17_BE/14246/03	2003.958904109589	0.6077812209222985	0.004803928616763042
seq_128_2003-12-10_BE/13843/03	2003.9397260273972	0.6092912209222984	0.006350586838543726
seq_129_2003-12-26_BE/14616/03	2003.9835616438356	0.6092942209222983	0.006269796617330292
seq_127_2004-02-21_BE/1937/04	2004.139344262295	0.6061462209222984	0.0028240236846678313
seq_222_2003-09-02_NZA/03/04	2003.668493150685	0.6085292209222984	0.006107038832301792
seq_223_2003-10-13_NZA/03/06	2003.7808219178082	0.6085292209222984	0.005892326390442348
seq_134_2001-02-10_BE/1556/01	2001.109589041096	0.6018892209222985	0.004358292995634172
seq_221_2003-08-14_NZA/03/01	2003.6164383561643	0.6059202209222986	0.0035975397199928816
seq_124_2005-11-29_BE/9635/05	2005.9095890410958	0.6097262209222988	0.0030202637727668735
seq_126_2000-02-26_BE/2122/00	2000.1530054644809	0.6051172209222987	0.009414768468459234
seq_125_2000-01-01_BE/16/00	2000.0	0.6036142209222987	0.008204232970098979
seq_162_1998-12-22_BE/14807/98	1998.972602739726	0.5987172209222985	0.005271066279788017
seq_191_2003-10-07_NZA/03/05	2003.7643835616439	0.6327122209222985	0.030106747723397498
seq_209_1997-12-09_NZA/97/01	1997.9369863013699	0.5935872209222987	0.002120610255954891
seq_158_2000-01-28_BE/1061/00	2000.0737704918033	0.5944932209222987	-0.0010577767003344674
seq_156_1999-12-24_BE/13172/99	1999.978082191781	0.5960002209222987	6.321280807054519E-4
seq_157_1999-12-28_BE/13280/99	1999.9890410958903	0.5960002209222987	6.111805254022107E-4
seq_120_1999-12-24_BE/13192/99	1999.978082191781	0.6249002209222986	0.029532128080705378
seq_102_1988-09-19_NZB/88/01	1988.7158469945355	0.5724907790777013	-0.0013499518785716758
seq_101_1990-07-18_NZB/90/03	1990.5424657534247	0.5780477790777013	7.155313522934081E-4
seq_100_1990-04-30_NZB/90/02	1990.3260273972603	0.5780477790777013	0.0011292455695347536
seq_1_1998-10-21_BE/12228/98	1998.8027397260273	0.6080187790777013	0.0148973115423926
seq_2_1998-12-14_BE/14364/98	1998.9506849315069	0.6093057790777013	0.015901519545797327
